50	419616	50464	1183	80212	1600	0	0	0
51	421742	49318	1202	84635	1679	0	0	0
52	421098	48694	1142	86719	1646	0	0	0
53	420944	47344	1134	89040	1804	0	0	0
54	422185	47326	1154	90017	1714	0	0	0
55	421583	49585	1234	89631	1738	0	0	0
56	421640	52109	1321	88300	1693	0	0	0
57	420737	55729	1367	84043	1586	0	0	0
58	421238	59682	1353	79483	1622	0	0	0
59	422238	62882	1426	73942	1473	0	0	0
60	422093	66087	1493	69415	1358	0	0	0
61	420002	69034	1616	63933	1209	0	0	0
62	420634	70374	1655	61456	1182	0	0	0
63	422319	70288	1617	59603	1195	0	0	0
64	420414	69873	1608	58827	1226	0	0	0
65	421631	67269	1616	61728	1207	0	0	0
66	423183	64849	1526	64046	1301	0	0	0
67	422083	60100	1398	68622	1382	0	0	0
68	421974	56094	1328	74421	1479	0	0	0
69	421407	52180	1251	79747	1580	0	0	0
70	421898	49465	1157	84493	1740	0	0	0
71	421343	47970	1143	87101	1776	0	0	0
72	422372	47145	1171	89449	1801	0	0	0
73	422153	48576	1217	89387	1779	0	0	0
74	420304	51370	1249	87171	1823	0	0	0
75	422034	55109	1284	83563	1643	0	0	0
76	421073	58984	1380	76981	1514	0	0	0
77	421077	63060	1445	71181	1382	0	0	0
78	422280	67692	1586	66650	1375	0	0	0
79	423352	69919	1598	62709	1224	0	0	0
80	422330	70588	1644	59544	1230	0	0	0
81	422373	69414	1637	58225	1183	0	0	0
82	421453	67656	1605	59706	1131	0	0	0
83	423037	64972	1494	63585	1311	0	0	0
84	421523	59635	1358	68908	1382	0	0	0
85	422311	55617	1299	74613	1431	0	0	0
86	422446	51335	1204	80059	1639	0	0	0
87	422730	47822	1142	84418	1683	0	0	0
88	420887	46343	1098	88006	1710	0	0	0
89	421038	46967	1147	89063	1816	0	0	0
90	423214	48319	1080	88360	1752	0	0	0
91	422026	51386	1204	85775	1678	0	0	0
92	422741	55517	1368	81043	1570	0	0	0
93	422872	60661	1460	75982	1581	0	0	0
94	422227	64401	1560	70467	1436	0	0	0
95	422014	68876	1541	65208	1258	0	0	0
96	422825	70890	1546	61009	1213	0	0	0
97	421929	70895	1611	59505	1183	0	0	0
98	422462	70443	1647	60067	1225	0	0	0
99	421581	67163	1615	61648	1200	0	0	0
100	422629	63391	1424	66654	1327	0	0	0
101	422178	59242	1331	72453	1421	0	0	0
102	421426	53729	1238	78205	1575	0	0	0
103	421846	49962	1158	84151	1617	0	0	0
104	421826	47851	1118	87595	1720	0	0	0
105	421557	47058	1114	89391	1724	0	0	0
106	420970	48079	1165	88789	1767	0	0	0
107	421541	50488	1233	86277	1706	0	0	0
108	422826	54541	1306	81856	1657	0	0	0
109	422982	59761	1354	76197	1491	0	0	0
110	420743	64460	1586	70768	1404	0	0	0
111	420452	67770	1502	64566	1273	0	0	0
112	422073	71394	1586	61651	1199	0	0	0
113	420064	71416	1640	59783	1237	0	0	0
114	420456	70096	1650	60504	1190	0	0	0
115	421675	67351	1586	63654	1259	0	0	0
116	422521	64228	1446	67471	1357	0	0	0
117	420913	59321	1376	72839	1404	0	0	0
118	421796	54699	1291	78670	1600	0	0	0
119	421996	50855	1203	84338	1666	0	0	0
120	421183	47575	1103	87493	1791	0	0	0
121	421112	46410	1116	88775	1765	0	0	0
122	421729	47688	1113	88295	1756	0	0	0
123	422153	50642	1222	85427	1680	0	0	0
124	422428	54914	1341	81088	1620	0	0	0
125	424095	59294	1397	75437	1490	0	0	0
126	421457	64246	1512	69710	1336	0	0	0
127	422088	67953	1558	65432	1294	0	0	0
128	421450	70686	1627	62151	1273	0	0	0
129	422733	72176	1687	60646	1239	0	0	0
130	422124	70272	1618	60684	1187	0	0	0
131	422135	68084	1652	62752	1194	0	0	0
132	422010	64939	1458	67214	1302	0	0	0
133	421261	60257	1392	71939	1556	0	0	0
134	423121	55753	1349	78077	1528	0	0	0
135	421221	51673	1286	83186	1638	0	0	0
136	420792	48762	1199	86202	1687	0	0	0
137	422687	47505	1093	88422	1846	0	0	0
138	420780	47570	1151	88055	1770	0	0	0
139	422621	49268	1234	85818	1708	0	0	0
140	423324	53523	1268	82676	1607	0	0	0
141	421484	57862	1406	76425	1584	0	0	0
142	421192	62680	1440	71086	1344	0	0	0
143	421472	66247	1573	66442	1346	0	0	0
144	421466	70101	1615	62685	1344	0	0	0
145	422731	71332	1609	60942	1196	0	0	0
146	421354	71307	1622	61336	1165	0	0	0
147	421657	69037	1583	63317	1341	0	0	0
148	419952	64159	1415	65816	1330	0	0	0
149	420409	59931	1362	70793	1406	0	0	0
150	420312	55303	1331	77028	1541	0	0	0
151	419885	50526	1171	82236	1665	0	0	0
152	420686	48400	1167	86563	1712	0	0	0
153	422055	46881	1196	87622	1711	0	0	0
154	422146	47854	1199	86819	1741	0	0	0
155	421750	50016	1219	84342	1780	0	0	0
156	421390	52763	1369	81045	1620	0	0	0
157	420395	57111	1358	75509	1505	0	0	0
0	0	0	0	0	0	0	0	0
0	0	0	0	0	0	0	0	0
0	0	0	0	0	0	0	0	0
0	0	0	0	0	0	0	0	0
0	0	0	0	0	0	0	0	0
0	0	0	0	0	0	0	0	0
0	0	0	0	0	0	0	0	0
0	0	0	0	0	0	0	0	0
0	0	0	0	0	0	0	0	0
0	0	0	0	0	0	0	0	0
0	0	0	0	0	0	0	0	0
0	0	0	0	0	0	0	0	0
0	0	0	0	0	0	0	0	0
0	0	0	0	0	0	0	0	0
0	0	0	0	0	0	0	0	0
0	0	0	0	0	0	0	0	0
0	0	0	0	0	0	0	0	0
0	0	0	0	0	0	0	0	0
0	0	0	0	0	0	0	0	0
0	0	0	0	0	0	0	0	0
0	0	0	0	0	0	0	0	0
0	0	0	0	0	0	0	0	0
0	0	0	0	0	0	0	0	0
0	0	0	0	0	0	0	0	0
0	0	0	0	0	0	0	0	0
0	0	0	0	0	0	0	0	0
0	0	0	0	0	0	0	0	0
0	0	0	0	0	0	0	0	0
0	0	0	0	0	0	0	0	0
0	0	0	0	0	0	0	0	0
0	0	0	0	0	0	0	0	0
0	0	0	0	0	0	0	0	0
0	0	0	0	0	0	0	0	0
0	0	0	0	0	0	0	0	0
0	0	0	0	0	0	0	0	0
0	0	0	0	0	0	0	0	0
0	0	0	0	0	0	0	0	0
0	0	0	0	0	0	0	0	0
0	0	0	0	0	0	0	0	0
0	0	0	0	0	0	0	0	0
