51	429716	135606	3312	80739	1701	0	0	0
52	429963	136700	3332	79995	1724	0	0	0
53	428601	135670	3394	80026	1716	0	0	0
54	438672	138241	3343	81514	1782	0	0	0
55	438919	137147	3429	84381	1893	0	0	0
56	439903	140764	3552	91462	2078	0	0	0
57	438238	144350	3521	83279	1765	0	0	0
58	439516	143367	3497	87143	1924	0	0	0
59	439771	142252	3633	89630	1969	0	0	0
60	440473	142250	3484	89363	2023	0	0	0
61	439682	142277	3744	91866	2149	0	0	0
62	439618	141160	3587	89502	1989	0	0	0
63	439020	140700	3476	90990	2031	0	0	0
64	440370	139384	3528	93455	2034	0	0	0
65	439937	140395	3450	91943	2025	0	0	0
66	439446	139997	3564	93295	2056	0	0	0
67	437940	140037	3541	92444	2113	0	0	0
68	438517	140191	3534	90545	1998	0	0	0
69	437730	140655	3533	89855	1936	0	0	0
70	438165	139422	3503	93776	2036	0	0	0
71	440431	138773	3455	95002	2107	0	0	0
72	437943	140105	3504	90632	2021	0	0	0
73	437774	141271	3597	89328	1973	0	0	0
74	439187	141036	3532	90393	1989	0	0	0
75	439557	140208	3448	90986	2021	0	0	0
76	438123	140711	3532	90709	2028	0	0	0
77	440555	141386	3631	89896	2013	0	0	0
78	439267	139458	3446	93848	2068	0	0	0
79	438563	138563	3539	94418	2057	0	0	0
80	438411	138504	3426	93888	2071	0	0	0
81	438860	140404	3416	93178	2075	0	0	0
82	438761	140000	3499	91909	1996	0	0	0
83	439632	140001	3618	93514	2087	0	0	0
84	439217	139897	3487	92858	2053	0	0	0
85	438872	139471	3557	92420	1963	0	0	0
86	439315	133769	3316	95230	2110	0	0	0
87	439796	134430	3424	86857	1926	0	0	0
88	439221	116011	2990	104928	2248	0	0	0
89	439890	69641	1852	145981	3182	0	0	0
90	439013	57056	1619	162161	3518	0	0	0
91	439444	57087	1532	160619	3602	0	0	0
92	438548	57492	1537	160594	3397	0	0	0
93	439416	58001	1578	163456	3483	0	0	0
94	438763	58749	1566	162238	3510	0	0	0
95	439077	57866	1525	163227	3515	0	0	0
96	438577	61677	1687	160234	3496	0	0	0
97	438864	60109	1626	161525	3429	0	0	0
98	438178	61229	1614	162863	3478	0	0	0
99	439094	61234	1640	161178	3532	0	0	0
100	440077	61962	1639	160197	3387	0	0	0
101	439378	61211	1708	162456	3490	0	0	0
102	438904	59555	1555	161059	3492	0	0	0
103	439401	60684	1571	162896	3487	0	0	0
104	438610	59201	1594	163320	3470	0	0	0
105	437891	53456	1402	165913	3559	0	0	0
106	437988	56810	1510	159747	3496	0	0	0
107	436825	57325	1515	159825	3440	0	0	0
108	439187	58553	1573	157914	3405	0	0	0
109	439578	61037	1649	155144	3357	0	0	0
110	438493	58904	1568	159824	3437	0	0	0
111	438713	60838	1607	155187	3445	0	0	0
112	439880	62782	1648	157763	3385	0	0	0
113	437604	61572	1656	162006	3565	0	0	0
114	438557	62102	1646	166380	3621	0	0	0
115	438547	63627	1717	154596	3314	0	0	0
116	438149	60522	1565	154116	3253	0	0	0
117	437918	62504	1667	157351	3416	0	0	0
118	439041	63297	1687	154799	3313	0	0	0
119	437405	64285	1690	158866	3414	0	0	0
120	437830	63925	1648	158324	3422	0	0	0
121	437585	67473	1791	134286	2981	0	0	0
122	438480	52865	1313	175717	3888	0	0	0
123	438369	123134	3024	96811	2128	0	0	0
124	438609	128029	3176	91205	1991	0	0	0
125	439702	129350	3323	92367	2071	0	0	0
126	437484	130423	3311	90939	2015	0	0	0
127	439093	128267	3221	93546	2078	0	0	0
128	438995	128466	3268	87802	1990	0	0	0
129	437987	127710	3197	89285	1979	0	0	0
130	438147	126914	3222	89291	1968	0	0	0
131	438629	128789	3204	86570	1906	0	0	0
132	437829	126519	3229	90114	1926	0	0	0
133	437675	127278	3265	86939	1838	0	0	0
134	438188	127154	3176	86723	1881	0	0	0
135	437652	126955	3180	91868	2031	0	0	0
136	439103	125334	3146	91555	2001	0	0	0
137	439243	126351	3171	92354	2033	0	0	0
138	437930	125911	3111	90739	1927	0	0	0
139	438760	126521	3110	90075	2005	0	0	0
140	438165	126537	3158	89182	1942	0	0	0
141	437782	126634	3141	89649	1905	0	0	0
142	438810	125969	3202	91722	2033	0	0	0
143	438461	126121	3189	89167	1994	0	0	0
144	437301	127941	3198	87554	1872	0	0	0
145	439889	126877	3210	88235	1919	0	0	0
146	438628	128849	3234	87850	1873	0	0	0
147	438037	125497	3191	92185	2054	0	0	0
148	438671	129331	3273	82233	1848	0	0	0
149	438411	43677	1101	185142	3993	0	0	0
150	437675	32992	835	200325	4338	0	0	0
151	439646	33185	892	198190	4265	0	0	0
152	439125	34627	889	199881	4429	0	0	0
153	438081	31768	874	194702	4122	0	0	0
154	439042	31995	866	196324	4214	0	0	0
155	437905	33847	883	198319	4218	0	0	0
156	438347	34056	879	199088	4191	0	0	0
157	438036	34198	891	199605	4381	0	0	0
158	436986	33974	883	199719	4390	0	0	0
159	437619	33567	875	198374	4302	0	0	0
160	437894	33246	810	199423	4461	0	0	0
161	438295	34125	887	200318	4344	0	0	0
162	437468	35684	963	199878	4362	0	0	0
163	437133	35024	959	197841	4357	0	0	0
164	437481	32183	796	198368	4206	0	0	0
165	437926	32836	923	196800	4226	0	0	0
166	438673	33296	848	193592	4148	0	0	0
167	436849	35070	878	196820	4223	0	0	0
168	437175	35414	908	197337	4198	0	0	0
169	437699	31339	824	195081	4251	0	0	0
170	437528	32280	908	191265	4061	0	0	0
171	437161	31025	763	194105	4111	0	0	0
172	424430	28112	709	189287	4043	0	0	0
173	425240	28517	725	186761	3817	0	0	0
174	425084	28084	719	188541	4055	0	0	0
175	425165	28175	747	188586	3867	0	0	0
176	424376	28384	742	190452	3926	0	0	0
177	426363	28282	702	191257	3982	0	0	0
178	428563	28615	702	188435	3907	0	0	0
179	426768	28879	762	191698	3939	0	0	0
180	439224	31122	806	197406	4307	0	0	0
181	440044	31686	819	196019	4324	0	0	0
182	439409	34747	878	200086	4290	0	0	0
183	440648	32155	803	199407	4307	0	0	0
184	439500	34131	959	202728	4385	0	0	0
185	440561	37368	1030	183382	4016	0	0	0
186	439605	32369	863	200501	4339	0	0	0
187	439829	34746	896	199987	4429	0	0	0
188	439178	70269	1893	141199	3068	0	0	0
189	439533	108161	2814	30183	690	0	0	0
190	439538	115466	2938	117581	2583	0	0	0
191	440902	132031	3342	94494	2130	0	0	0
192	439453	134341	3483	88948	1924	0	0	0
193	440471	130676	3324	95272	2120	0	0	0
194	439518	127201	3066	98442	2163	0	0	0
195	440069	127555	3150	98608	2162	0	0	0
196	439318	128391	3134	96083	2229	0	0	0
197	439242	132290	3308	97192	2107	0	0	0
198	439950	128555	3205	104902	2394	0	0	0
199	439987	128919	3265	105541	2281	0	0	0
200	439952	130261	3270	103131	2273	0	0	0
201	439870	128929	3306	104221	2404	0	0	0
0	0	0	0	0	0	0	0	0
0	0	0	0	0	0	0	0	0
0	0	0	0	0	0	0	0	0
0	0	0	0	0	0	0	0	0
0	0	0	0	0	0	0	0	0
0	0	0	0	0	0	0	0	0
0	0	0	0	0	0	0	0	0
0	0	0	0	0	0	0	0	0
0	0	0	0	0	0	0	0	0
0	0	0	0	0	0	0	0	0
0	0	0	0	0	0	0	0	0
0	0	0	0	0	0	0	0	0
0	0	0	0	0	0	0	0	0
0	0	0	0	0	0	0	0	0
0	0	0	0	0	0	0	0	0
0	0	0	0	0	0	0	0	0
0	0	0	0	0	0	0	0	0
0	0	0	0	0	0	0	0	0
0	0	0	0	0	0	0	0	0
0	0	0	0	0	0	0	0	0
0	0	0	0	0	0	0	0	0
0	0	0	0	0	0	0	0	0
0	0	0	0	0	0	0	0	0
0	0	0	0	0	0	0	0	0
0	0	0	0	0	0	0	0	0
0	0	0	0	0	0	0	0	0
0	0	0	0	0	0	0	0	0
0	0	0	0	0	0	0	0	0
0	0	0	0	0	0	0	0	0
0	0	0	0	0	0	0	0	0
0	0	0	0	0	0	0	0	0
0	0	0	0	0	0	0	0	0
0	0	0	0	0	0	0	0	0
0	0	0	0	0	0	0	0	0
0	0	0	0	0	0	0	0	0
0	0	0	0	0	0	0	0	0
0	0	0	0	0	0	0	0	0
0	0	0	0	0	0	0	0	0
0	0	0	0	0	0	0	0	0
0	0	0	0	0	0	0	0	0
