51	435476	29911	810	210437	4556	0	0	0
52	432569	29233	740	209193	4457	0	0	0
53	441835	30585	775	212460	4682	0	0	0
54	441595	31251	844	213020	4778	0	0	0
55	442422	37837	1003	217272	4780	0	0	0
56	442152	36018	928	217640	4814	0	0	0
57	441661	36748	979	217053	4775	0	0	0
58	440794	35859	963	216440	4743	0	0	0
59	440223	36807	972	217140	4664	0	0	0
60	441556	36757	971	216951	4821	0	0	0
61	442328	35657	967	215281	4777	0	0	0
62	441185	36042	973	215858	4776	0	0	0
63	440125	36512	922	216195	4699	0	0	0
64	441354	35843	981	215644	4661	0	0	0
65	442518	35822	944	215761	4744	0	0	0
66	441521	35110	944	214817	4776	0	0	0
67	440844	37469	957	217070	4714	0	0	0
68	441735	32157	828	212852	4720	0	0	0
69	440196	36890	933	216690	4648	0	0	0
70	440931	38378	978	213798	4689	0	0	0
71	442367	37125	986	214721	4720	0	0	0
72	441477	35322	910	213693	4770	0	0	0
73	440757	34375	881	199156	4301	0	0	0
74	441915	94785	2485	125899	2754	0	0	0
75	441049	147924	3797	80701	1767	0	0	0
76	442557	138501	3656	64644	1408	0	0	0
77	441659	138286	3591	64137	1356	0	0	0
78	441406	134491	3564	65618	1465	0	0	0
79	440310	133702	3393	67295	1533	0	0	0
80	441807	136566	3425	65809	1490	0	0	0
81	440226	133752	3555	67494	1467	0	0	0
82	441619	137776	3576	64933	1441	0	0	0
83	440834	138866	3579	65285	1339	0	0	0
84	441642	138957	3535	65472	1496	0	0	0
85	441763	139449	3642	64569	1412	0	0	0
86	440910	138901	3638	65111	1498	0	0	0
87	440942	138810	3660	65184	1413	0	0	0
88	441682	138552	3559	65046	1450	0	0	0
89	441240	139527	3607	65591	1423	0	0	0
90	442583	139453	3616	65286	1433	0	0	0
91	441929	138898	3533	65684	1495	0	0	0
92	442283	138725	3668	65595	1471	0	0	0
93	440826	140074	3602	65577	1469	0	0	0
94	441466	138484	3605	64122	1428	0	0	0
95	441434	134474	3411	63551	1396	0	0	0
96	441695	83291	2050	157460	3438	0	0	0
97	439881	59030	1441	188186	4120	0	0	0
98	440329	52710	1311	199018	4311	0	0	0
99	440417	47155	1200	203684	4424	0	0	0
100	442075	49029	1234	203607	4336	0	0	0
101	441612	50915	1388	202822	4424	0	0	0
102	441318	49200	1259	203084	4487	0	0	0
103	440220	49421	1276	203754	4495	0	0	0
104	441282	50406	1295	202150	4406	0	0	0
105	440714	48362	1221	203397	4427	0	0	0
106	441518	48926	1254	202576	4396	0	0	0
107	441290	48813	1158	203207	4513	0	0	0
108	440787	48295	1163	203791	4613	0	0	0
109	440068	48496	1231	203474	4467	0	0	0
110	440973	49798	1230	201816	4515	0	0	0
111	440605	49621	1209	202095	4387	0	0	0
112	441631	48532	1271	202740	4541	0	0	0
113	440233	49777	1331	202619	4486	0	0	0
114	439972	49328	1182	202834	4505	0	0	0
115	440894	49558	1200	193820	4218	0	0	0
116	440000	53945	1388	147386	3183	0	0	0
117	440691	130247	3307	45413	986	0	0	0
118	440301	143125	3541	63838	1411	0	0	0
119	439801	143453	3600	65497	1485	0	0	0
120	440896	142566	3630	65249	1495	0	0	0
121	440759	142907	3759	65285	1520	0	0	0
122	441093	142851	3675	64963	1436	0	0	0
123	441111	142208	3756	65058	1457	0	0	0
124	439314	143258	3684	66123	1488	0	0	0
125	440827	143219	3676	66122	1484	0	0	0
126	441114	142531	3636	66375	1486	0	0	0
127	439581	143449	3741	67126	1516	0	0	0
128	441276	142817	3580	67860	1516	0	0	0
129	440471	143168	3646	66611	1525	0	0	0
130	439860	143451	3594	67494	1517	0	0	0
131	440075	142572	3540	66761	1504	0	0	0
132	439634	142442	3624	67757	1582	0	0	0
133	439684	143844	3677	67030	1499	0	0	0
134	440466	142086	3631	64169	1460	0	0	0
135	439594	137033	3427	56919	1207	0	0	0
136	439688	72893	1926	136059	2931	0	0	0
137	440413	33838	881	193034	4203	0	0	0
138	439625	33545	887	198095	4234	0	0	0
139	440762	34484	926	202871	4527	0	0	0
140	440306	33878	894	198546	4395	0	0	0
141	438984	35526	945	200226	4402	0	0	0
142	439242	35088	933	199241	4391	0	0	0
143	440118	34461	931	198713	4207	0	0	0
144	439464	35087	921	196998	4276	0	0	0
145	439786	35193	939	196023	4288	0	0	0
146	439480	35149	924	196526	4244	0	0	0
147	439250	34985	922	197646	4442	0	0	0
148	440158	35085	933	197351	4432	0	0	0
149	438994	35844	955	194847	4184	0	0	0
150	440012	35177	885	197439	4362	0	0	0
151	438418	35154	958	196803	4289	0	0	0
152	440264	35279	918	196401	4237	0	0	0
153	440885	35664	1001	196402	4183	0	0	0
154	440428	35459	934	196677	4352	0	0	0
155	439342	38709	1023	175875	3856	0	0	0
156	439201	58454	1494	148775	3266	0	0	0
157	440104	143530	3652	70354	1557	0	0	0
158	440701	144975	3821	66723	1402	0	0	0
159	440197	145875	3758	68685	1542	0	0	0
160	440262	145292	3686	67017	1507	0	0	0
161	440078	144436	3851	66741	1470	0	0	0
162	440385	145915	3677	66915	1480	0	0	0
163	440060	145589	3693	67042	1476	0	0	0
164	440010	145971	3681	68156	1465	0	0	0
165	439958	144805	3687	66219	1414	0	0	0
166	439460	144375	3700	66542	1436	0	0	0
167	440625	145849	3716	69248	1567	0	0	0
168	440484	145540	3694	67385	1528	0	0	0
169	440638	145080	3755	65323	1486	0	0	0
170	439488	145651	3790	69155	1564	0	0	0
171	438647	145719	3717	69548	1492	0	0	0
172	439346	146079	3759	69003	1510	0	0	0
173	439112	145116	3574	70136	1625	0	0	0
174	439680	145818	3701	68954	1552	0	0	0
175	438830	146173	3727	69202	1552	0	0	0
176	439381	146191	3722	68322	1473	0	0	0
177	439797	145522	3643	68743	1481	0	0	0
178	439113	145711	3614	68646	1516	0	0	0
179	439026	145594	3771	68812	1537	0	0	0
180	438923	146006	3702	69729	1496	0	0	0
181	439361	142597	3551	61400	1336	0	0	0
182	439545	106570	2653	110308	2421	0	0	0
183	440255	52149	1267	196863	4378	0	0	0
184	439399	34984	868	204446	4356	0	0	0
185	439578	34882	927	205979	4445	0	0	0
186	439085	36861	913	206678	4405	0	0	0
187	438242	36461	954	206826	4443	0	0	0
188	439000	36972	973	207784	4560	0	0	0
189	439968	36984	998	208383	4511	0	0	0
190	440198	37423	984	208326	4511	0	0	0
191	440108	36000	959	206187	4498	0	0	0
192	439829	36851	954	208325	4592	0	0	0
193	440226	36512	902	206035	4400	0	0	0
194	439039	36376	954	207098	4563	0	0	0
195	440050	36420	986	206955	4533	0	0	0
196	438942	36934	989	207307	4542	0	0	0
197	438669	34851	887	206488	4387	0	0	0
198	438643	34367	863	206363	4475	0	0	0
199	439124	36837	998	207157	4547	0	0	0
200	437985	36304	938	206611	4448	0	0	0
201	438460	36643	941	207684	4577	0	0	0
0	0	0	0	0	0	0	0	0
0	0	0	0	0	0	0	0	0
0	0	0	0	0	0	0	0	0
0	0	0	0	0	0	0	0	0
0	0	0	0	0	0	0	0	0
0	0	0	0	0	0	0	0	0
0	0	0	0	0	0	0	0	0
0	0	0	0	0	0	0	0	0
0	0	0	0	0	0	0	0	0
0	0	0	0	0	0	0	0	0
0	0	0	0	0	0	0	0	0
0	0	0	0	0	0	0	0	0
0	0	0	0	0	0	0	0	0
0	0	0	0	0	0	0	0	0
0	0	0	0	0	0	0	0	0
0	0	0	0	0	0	0	0	0
0	0	0	0	0	0	0	0	0
0	0	0	0	0	0	0	0	0
0	0	0	0	0	0	0	0	0
0	0	0	0	0	0	0	0	0
0	0	0	0	0	0	0	0	0
0	0	0	0	0	0	0	0	0
0	0	0	0	0	0	0	0	0
0	0	0	0	0	0	0	0	0
0	0	0	0	0	0	0	0	0
0	0	0	0	0	0	0	0	0
0	0	0	0	0	0	0	0	0
0	0	0	0	0	0	0	0	0
0	0	0	0	0	0	0	0	0
0	0	0	0	0	0	0	0	0
0	0	0	0	0	0	0	0	0
0	0	0	0	0	0	0	0	0
0	0	0	0	0	0	0	0	0
0	0	0	0	0	0	0	0	0
0	0	0	0	0	0	0	0	0
0	0	0	0	0	0	0	0	0
0	0	0	0	0	0	0	0	0
0	0	0	0	0	0	0	0	0
0	0	0	0	0	0	0	0	0
0	0	0	0	0	0	0	0	0
